variant=01-vision-base
timestamp=2026-06-22T21:20:45+00:00
server=194.180.158.12:11001
exit_ip=2a0a:c802:5:1::d
handshake=tcp=0.000187 tls=0.225938 ttfb=0.326463 code=200
dl_run_1=6666797
dl_run_2=8688927
dl_avg=7677862
dl_max=8688927
