variant=09-xhttp-stream-no
timestamp=2026-06-22T21:23:06+00:00
server=194.180.158.12:11009
exit_ip=2a0a:c802:5:1::d
handshake=tcp=0.000252 tls=0.240466 ttfb=0.352835 code=200
dl_run_1=10162752
dl_run_2=10329477
dl_avg=10246114
dl_max=10329477
